1
2
3
4
5
6
7
8
9
10
11
12
13
14
15
16
17
18
19
20
21
22
23
24
25
26
27
28
29
30
31
32
33
34
35
36
37
38
39
40
41
42
43
44
45
46
47
48
49
50
51
52
53
54
55
56
57
58
59
60
61
62
63
64
65
66
67
68
69
70
71
72
73
74
75
76
77
78
79
80
81
82
83
84
85
86
87
88
89
90
91
92
93
94
:
1 2
3 4
5 6
7 8
9 10
11 12
13 14
15 16
17 18
94 19
20 21
22 23
24 25
26 27
28 29
30 31
32 33
35 36
37 38
39 40
41 42
43 44
45 46
47 48
49 50
51 52
53 54
55 56
57 58
59 60
61 62
63 64
65 66
67 68
69 70
71 72
73 74
75 76
77 78
79 80
82 83
84 85
86 87
88 89
90 91
92 93
:
5 2 4 L
8 9 13 R
11 6 10 L
17 14 16 L
18 94 57 R
20 12 19 L
22 21 60 L
23 24 61 R
25 26 37 R
27 28 43 R
30 29 44 L
31 32 34 R
34 35 54 R
38 39 63 R
41 40 64 L
42 43 45 R
47 44 46 L
48 49 55 R
51 53 50 L
67 58 66 L
68 59 69 R
71 62 70 L
72 73 86 R
74 63 75 R
77 64 76 L
78 79 81 R
81 82 84 R
87 88 92 R
90 89 93 L
:
1 R
2 R
3 R
4 R
5 L
6 R
7 R
8 R
9 L
10 R
11 L
12 R
15 R
16 R
17 L
18 R
94 L
19 R
20 L
21 R
22 L
23 R
24 L
25 R
26 L
27 R
28 L
29 R
30 L
31 R
32 L
33 L
34 L
34 R
35 L
36 L
37 L
38 R
39 L
40 R
41 L
42 R
45 L
46 R
47 L
48 R
49 L
50 R
51 L
52 L
55 L
56 L
65 R
66 R
67 L
68 R
69 L
70 R
71 L
72 R
73 L
74 R
75 L
76 R
77 L
78 R
79 L
80 L
81 L
81 R
82 L
83 L
84 L
85 L
86 L
87 R
88 L
89 R
90 L
91 L
92 L
93 R
:
t1 1 91 R
t6 91 1 L
:

