92
93
94
100
101
102
103
104
105
106
107
108
109
110
111
112
113
114
115
116
117
118
119
120
121
122
123
124
125
126
127
128
129
130
131
132
133
134
135
136
137
138
139
140
141
142
143
144
145
146
147
148
149
:
92 93
93 94
100 101
101 102
102 103
103 104
104 105
105 106
106 107
107 108
108 109
109 110
110 111
111 112
112 113
113 114
114 115
115 116
116 117
117 118
118 119
119 120
120 121
121 122
122 123
123 124
124 125
125 126
126 127
127 128
128 129
129 130
130 131
131 132
132 133
133 134
134 135
135 136
136 137
137 138
138 139
139 140
140 141
142 143
143 144
145 146
146 147
147 148
148 149
:
141 142 92 R
145 144 94 L
:
92 L
94 R
100 L
100 R
101 L
101 R
102 L
102 R
103 L
103 R
104 L
104 R
105 L
105 R
106 L
106 R
107 L
107 R
108 L
108 R
109 L
109 R
110 L
110 R
111 L
111 R
112 L
112 R
113 L
113 R
114 L
114 R
115 L
115 R
116 L
116 R
117 L
117 R
118 L
118 R
119 L
119 R
120 L
120 R
121 L
121 R
122 L
122 R
123 L
123 R
124 L
124 R
125 L
125 R
126 L
126 R
127 L
127 R
128 L
128 R
129 L
129 R
130 L
130 R
131 L
131 R
132 L
132 R
133 L
133 R
134 L
134 R
135 L
135 R
136 L
136 R
137 L
137 R
138 L
138 R
139 L
139 R
140 L
140 R
141 R
142 L
144 R
145 L
146 L
146 R
147 L
147 R
148 L
148 R
149 L
149 R
:
T0 100 149 R
T1 149 100 L
:
50
5
